image,empty,not_adipocyte,adipocyte
12.12 Beef Shoulder 2_r1_c22.jpg,0.103221,0.891394,0.005385
12.12 Beef Shoulder 2_r31_c40.jpg,0.234921,0.719153,0.045925
12.12 Beef Shoulder 2_r32_c7.jpg,0.071278,0.895411,0.033312
12.12 Beef Shoulder 2_r37_c3.jpg,0.827442,0.162227,0.010331
12.12 Beef Shoulder 2_r37_c4.jpg,0.351181,0.635139,0.013681
12.12 Beef Shoulder 2_r38_c3.jpg,0.805068,0.184512,0.010419
12.12 Beef Shoulder 2_r38_c4.jpg,0.473895,0.505982,0.020123
12.12 Beef Shoulder 3_r12_c17.jpg,0.278113,0.704812,0.017075
12.12 Beef Shoulder 3_r12_c20.jpg,0.232906,0.755851,0.011243
12.12 Beef Shoulder 3_r14_c22.jpg,0.082867,0.849495,0.067638
12.12 Beef Shoulder 3_r15_c17.jpg,0.146160,0.809287,0.044553
12.12 Beef Shoulder 3_r16_c12.jpg,0.153770,0.835655,0.010574
12.12 Beef Shoulder 3_r16_c19.jpg,0.104685,0.886404,0.008911
12.12 Beef Shoulder 3_r16_c25.jpg,0.054154,0.934716,0.011130
12.12 Beef Shoulder 3_r17_c10.jpg,0.066687,0.927024,0.006290
12.12 Beef Shoulder 3_r17_c15.jpg,0.048845,0.918801,0.032354
12.12 Beef Shoulder 3_r17_c17.jpg,0.017893,0.955196,0.026911
12.12 Beef Shoulder 3_r17_c19.jpg,0.063073,0.921279,0.015648
12.12 Beef Shoulder 3_r17_c20.jpg,0.002482,0.994736,0.002782
12.12 Beef Shoulder 3_r17_c38.jpg,0.010523,0.945597,0.043881
12.12 Beef Shoulder 3_r18_c11.jpg,0.206428,0.781401,0.012171
12.12 Beef Shoulder 3_r18_c12.jpg,0.458427,0.530225,0.011348
12.12 Beef Shoulder 3_r18_c13.jpg,0.256640,0.713876,0.029484
12.12 Beef Shoulder 3_r18_c14.jpg,0.065732,0.892635,0.041633
12.12 Beef Shoulder 3_r18_c15.jpg,0.038560,0.934567,0.026873
12.12 Beef Shoulder 3_r18_c24.jpg,0.057022,0.880668,0.062311
12.12 Beef Shoulder 3_r18_c25.jpg,0.033774,0.951697,0.014530
12.12 Beef Shoulder 3_r19_c16.jpg,0.192467,0.801507,0.006026
12.12 Beef Shoulder 3_r19_c17.jpg,0.082307,0.896259,0.021433
12.12 Beef Shoulder 3_r19_c18.jpg,0.037671,0.958333,0.003997
12.12 Beef Shoulder 3_r19_c20.jpg,0.053489,0.931469,0.015042
12.12 Beef Shoulder 3_r19_c21.jpg,0.027900,0.952624,0.019475
12.12 Beef Shoulder 3_r19_c26.jpg,0.018440,0.948733,0.032826
12.12 Beef Shoulder 3_r19_c40.jpg,0.530312,0.408347,0.061341
12.12 Beef Shoulder 3_r20_c11.jpg,0.021778,0.972353,0.005868
12.12 Beef Shoulder 3_r20_c12.jpg,0.013224,0.983803,0.002972
12.12 Beef Shoulder 3_r20_c14.jpg,0.045484,0.945554,0.008963
12.12 Beef Shoulder 3_r20_c15.jpg,0.012065,0.979366,0.008569
12.12 Beef Shoulder 3_r20_c17.jpg,0.011367,0.966669,0.021964
12.12 Beef Shoulder 3_r20_c18.jpg,0.043886,0.935679,0.020434
12.12 Beef Shoulder 3_r20_c21.jpg,0.018658,0.976428,0.004914
12.12 Beef Shoulder 3_r20_c24.jpg,0.110673,0.854870,0.034457
12.12 Beef Shoulder 3_r20_c40.jpg,0.242262,0.737031,0.020707
12.12 Beef Shoulder 3_r20_c41.jpg,0.663682,0.316970,0.019348
12.12 Beef Shoulder 3_r21_c11.jpg,0.179664,0.814722,0.005614
12.12 Beef Shoulder 3_r21_c12.jpg,0.024771,0.966546,0.008683
12.12 Beef Shoulder 3_r21_c13.jpg,0.014809,0.982785,0.002407
12.12 Beef Shoulder 3_r21_c14.jpg,0.035237,0.962345,0.002418
12.12 Beef Shoulder 3_r21_c15.jpg,0.105401,0.889296,0.005302
12.12 Beef Shoulder 3_r21_c17.jpg,0.018784,0.970227,0.010989
12.12 Beef Shoulder 3_r21_c18.jpg,0.030378,0.965075,0.004547
12.12 Beef Shoulder 3_r21_c19.jpg,0.065995,0.896745,0.037260
12.12 Beef Shoulder 3_r21_c24.jpg,0.006191,0.931861,0.061948
12.12 Beef Shoulder 3_r21_c25.jpg,0.012624,0.968849,0.018527
12.12 Beef Shoulder 3_r21_c30.jpg,0.045461,0.907858,0.046681
12.12 Beef Shoulder 3_r22_c11.jpg,0.123856,0.830421,0.045723
12.12 Beef Shoulder 3_r22_c12.jpg,0.091747,0.876336,0.031917
12.12 Beef Shoulder 3_r22_c13.jpg,0.072349,0.918877,0.008774
12.12 Beef Shoulder 3_r22_c14.jpg,0.053882,0.918078,0.028039
12.12 Beef Shoulder 3_r22_c15.jpg,0.098282,0.896471,0.005247
12.12 Beef Shoulder 3_r22_c17.jpg,0.042610,0.949009,0.008381
12.12 Beef Shoulder 3_r22_c19.jpg,0.132328,0.792157,0.075515
12.12 Beef Shoulder 3_r22_c20.jpg,0.052481,0.930605,0.016914
12.12 Beef Shoulder 3_r22_c24.jpg,0.047962,0.898823,0.053214
12.12 Beef Shoulder 3_r22_c40.jpg,0.812447,0.142748,0.044805
12.12 Beef Shoulder 3_r22_c41.jpg,0.868964,0.083364,0.047672
12.12 Beef Shoulder 3_r23_c11.jpg,0.048687,0.943659,0.007654
12.12 Beef Shoulder 3_r23_c12.jpg,0.049157,0.947335,0.003508
12.12 Beef Shoulder 3_r23_c14.jpg,0.013847,0.980857,0.005296
12.12 Beef Shoulder 3_r23_c15.jpg,0.065459,0.885283,0.049258
12.12 Beef Shoulder 3_r23_c16.jpg,0.013857,0.969895,0.016248
12.12 Beef Shoulder 3_r23_c17.jpg,0.002314,0.992822,0.004864
12.12 Beef Shoulder 3_r23_c20.jpg,0.563738,0.403019,0.033243
12.12 Beef Shoulder 3_r23_c24.jpg,0.095206,0.875951,0.028843
12.12 Beef Shoulder 3_r23_c3.jpg,0.125958,0.858830,0.015212
12.12 Beef Shoulder 3_r23_c40.jpg,0.971830,0.023891,0.004279
12.12 Beef Shoulder 3_r23_c41.jpg,0.977960,0.019823,0.002217
12.12 Beef Shoulder 3_r24_c12.jpg,0.039929,0.933850,0.026222
12.12 Beef Shoulder 3_r24_c14.jpg,0.077310,0.848857,0.073833
12.12 Beef Shoulder 3_r24_c15.jpg,0.018578,0.955055,0.026368
12.12 Beef Shoulder 3_r24_c23.jpg,0.025942,0.951038,0.023020
12.12 Beef Shoulder 3_r24_c24.jpg,0.119433,0.863010,0.017556
12.12 Beef Shoulder 3_r24_c40.jpg,0.987382,0.011488,0.001129
12.12 Beef Shoulder 3_r24_c41.jpg,0.995084,0.004322,0.000594
12.12 Beef Shoulder 3_r25_c11.jpg,0.083729,0.876436,0.039835
12.12 Beef Shoulder 3_r25_c12.jpg,0.071975,0.886249,0.041775
12.12 Beef Shoulder 3_r25_c14.jpg,0.018963,0.936482,0.044555
12.12 Beef Shoulder 3_r25_c16.jpg,0.062485,0.896119,0.041396
12.12 Beef Shoulder 3_r25_c25.jpg,0.366645,0.571430,0.061925
12.12 Beef Shoulder 3_r25_c40.jpg,0.989511,0.008279,0.002209
12.12 Beef Shoulder 3_r26_c26.jpg,0.148575,0.812291,0.039134
12.12 Beef Shoulder 3_r26_c9.jpg,0.268897,0.722732,0.008372
12.12 Beef Shoulder 3_r27_c6.jpg,0.092313,0.903696,0.003991
12.12 Beef Shoulder 3_r28_c17.jpg,0.053993,0.868919,0.077088
12.12 Beef Shoulder 3_r28_c39.jpg,0.690866,0.299614,0.009521
12.12 Beef Shoulder 3_r29_c39.jpg,0.950744,0.047564,0.001692
12.12 Beef Shoulder 3_r30_c39.jpg,0.952497,0.044094,0.003408
12.12 Beef Shoulder 3_r31_c11.jpg,0.255760,0.712764,0.031476
12.12 Beef Shoulder 3_r31_c39.jpg,0.983243,0.015004,0.001754
12.12 Beef Shoulder 3_r32_c39.jpg,0.990775,0.008365,0.000860
12.12 Beef Shoulder 3_r33_c38.jpg,0.345159,0.475403,0.179439
12.12 Beef Shoulder 3_r33_c39.jpg,0.994856,0.004377,0.000766
12.12 Beef Shoulder 3_r34_c38.jpg,0.668503,0.297594,0.033904
12.12 Beef Shoulder 3_r35_c38.jpg,0.821915,0.163702,0.014383
12.12 Beef Shoulder 3_r36_c37.jpg,0.266279,0.667663,0.066058
12.12 Beef Shoulder 3_r36_c38.jpg,0.859040,0.123776,0.017184
12.12 Beef Shoulder 3_r37_c38.jpg,0.946615,0.052746,0.000639
12.12 Beef Shoulder 3_r38_c38.jpg,0.859393,0.135846,0.004760
12.12 Beef Shoulder 3_r38_c39.jpg,0.994335,0.004608,0.001057
12.12 Beef Shoulder 3_r39_c37.jpg,0.272514,0.548227,0.179258
12.12 Beef Shoulder 3_r39_c38.jpg,0.635409,0.330007,0.034584
12.12 Beef Shoulder 3_r39_c39.jpg,0.997043,0.001996,0.000962
12.12 Beef Shoulder 3_r43_c38.jpg,0.462550,0.515159,0.022291
12.12 Beef Shoulder 3_r44_c39.jpg,0.835671,0.105141,0.059188
12.12 Beef Shoulder 3_r46_c8.jpg,0.032848,0.816218,0.150934
12.12 Beef Shoulder 3_r47_c15.jpg,0.850934,0.138052,0.011013
12.12 Beef Shoulder 3_r47_c16.jpg,0.687355,0.303341,0.009304
12.12 Beef Shoulder 3_r48_c13.jpg,0.289247,0.663580,0.047174
12.12 Beef Shoulder 3_r49_c0.jpg,0.396217,0.574966,0.028817
12.12 Beef Shoulder 3_r50_c1.jpg,0.857290,0.132911,0.009798
12.12 Beef Shoulder 3_r51_c36.jpg,0.067199,0.912054,0.020748
12.12 Beef Shoulder 3_r51_c9.jpg,0.046066,0.945215,0.008718
12.12 Beef Shoulder 3_r52_c0.jpg,0.321358,0.611913,0.066729
12.12 Beef Shoulder 3_r52_c26.jpg,0.164829,0.829626,0.005546
12.12 Beef Shoulder 3_r53_c19.jpg,0.270807,0.684960,0.044234
12.12 Beef Shoulder 3_r53_c27.jpg,0.071960,0.895342,0.032698
12.12 Beef Shoulder 3_r54_c36.jpg,0.878340,0.118123,0.003537
12.12 Beef Shoulder 3_r56_c14.jpg,0.023967,0.957862,0.018171
12.12 Beef Shoulder 3_r56_c28.jpg,0.529713,0.437902,0.032385
12.12 Beef Shoulder 3_r56_c36.jpg,0.630225,0.358003,0.011772
12.12 Beef Shoulder 3_r57_c21.jpg,0.930662,0.066833,0.002505
12.12 Beef Shoulder 3_r58_c25.jpg,0.256882,0.581542,0.161576
12.12 Beef Shoulder 3_r59_c30.jpg,0.138040,0.833303,0.028657
12.12 Beef Shoulder 3_r59_c31.jpg,0.261588,0.678331,0.060080
12.12 Beef Shoulder 3_r5_c38.jpg,0.784675,0.212772,0.002553
12.12 Beef Shoulder 3_r60_c36.jpg,0.352939,0.627951,0.019109
12.12 Beef Shoulder 3_r61_c34.jpg,0.168509,0.811308,0.020183
12.12 Beef Shoulder 3_r61_c37.jpg,0.109612,0.883550,0.006838
12.12 Beef Shoulder 3_r62_c37.jpg,0.386446,0.567798,0.045756
2nd Meat_r1_c13.jpg,0.087089,0.875381,0.037530
2nd Meat_r1_c3.jpg,0.018358,0.965285,0.016358
2nd Meat_r2_c4.jpg,0.014175,0.872591,0.113234
3rd Meat_r10_c0.jpg,0.061867,0.922166,0.015967
3rd Meat_r10_c1.jpg,0.118050,0.864494,0.017456
3rd Meat_r10_c3.jpg,0.014208,0.981254,0.004538
3rd Meat_r12_c0.jpg,0.030119,0.930841,0.039040
3rd Meat_r15_c15.jpg,0.630461,0.292279,0.077260
3rd Meat_r16_c15.jpg,0.050480,0.931836,0.017684
3rd Meat_r21_c14.jpg,0.013823,0.933782,0.052395
3rd Meat_r4_c3.jpg,0.152061,0.771737,0.076202
3rd Meat_r4_c4.jpg,0.019397,0.846968,0.133635
3rd Meat_r4_c5.jpg,0.079592,0.798084,0.122324
3rd Meat_r5_c0.jpg,0.062876,0.913701,0.023424
3rd Meat_r5_c1.jpg,0.030665,0.947796,0.021539
3rd Meat_r5_c2.jpg,0.080370,0.900642,0.018988
3rd Meat_r5_c3.jpg,0.084440,0.885159,0.030400
3rd Meat_r6_c1.jpg,0.087669,0.895099,0.017232
3rd Meat_r6_c2.jpg,0.238487,0.751016,0.010496
3rd Meat_r8_c0.jpg,0.018103,0.961752,0.020145
3rd Meat_r8_c13.jpg,0.514585,0.468823,0.016591
3rd Meat_r8_c3.jpg,0.012250,0.977355,0.010395
4th Meat, 400 g, 3 wts_r10_c17.jpg,0.635473,0.349183,0.015344
4th Meat, 400 g, 3 wts_r11_c13.jpg,0.551593,0.390633,0.057773
4th Meat, 400 g, 3 wts_r11_c14.jpg,0.085856,0.842915,0.071229
4th Meat, 400 g, 3 wts_r11_c15.jpg,0.035449,0.907881,0.056670
4th Meat, 400 g, 3 wts_r11_c16.jpg,0.018384,0.948075,0.033541
4th Meat, 400 g, 3 wts_r12_c11.jpg,0.433582,0.488287,0.078131
4th Meat, 400 g, 3 wts_r12_c12.jpg,0.653340,0.317323,0.029337
4th Meat, 400 g, 3 wts_r13_c12.jpg,0.680805,0.310443,0.008753
4th Meat, 400 g, 3 wts_r13_c13.jpg,0.368616,0.614615,0.016769
4th Meat, 400 g, 3 wts_r13_c14.jpg,0.385812,0.596101,0.018087
4th Meat, 400 g, 3 wts_r13_c15.jpg,0.117911,0.823060,0.059030
4th Meat, 400 g, 3 wts_r14_c10.jpg,0.098504,0.882856,0.018640
4th Meat, 400 g, 3 wts_r14_c12.jpg,0.426966,0.503705,0.069329
4th Meat, 400 g, 3 wts_r14_c13.jpg,0.186199,0.752618,0.061182
4th Meat, 400 g, 3 wts_r14_c14.jpg,0.089869,0.892246,0.017884
4th Meat, 400 g, 3 wts_r14_c15.jpg,0.076513,0.901301,0.022186
4th Meat, 400 g, 3 wts_r15_c10.jpg,0.299151,0.685180,0.015669
4th Meat, 400 g, 3 wts_r15_c12.jpg,0.396729,0.583350,0.019921
4th Meat, 400 g, 3 wts_r15_c21.jpg,0.061489,0.904969,0.033542
4th Meat, 400 g, 3 wts_r16_c10.jpg,0.151023,0.835318,0.013659
4th Meat, 400 g, 3 wts_r16_c11.jpg,0.144221,0.833516,0.022263
4th Meat, 400 g, 3 wts_r16_c12.jpg,0.129290,0.849190,0.021520
4th Meat, 400 g, 3 wts_r16_c14.jpg,0.544789,0.444927,0.010284
4th Meat, 400 g, 3 wts_r16_c15.jpg,0.143301,0.844742,0.011957
4th Meat, 400 g, 3 wts_r16_c22.jpg,0.191239,0.716398,0.092362
4th Meat, 400 g, 3 wts_r16_c5.jpg,0.866873,0.118349,0.014778
4th Meat, 400 g, 3 wts_r16_c6.jpg,0.641857,0.353138,0.005005
4th Meat, 400 g, 3 wts_r17_c10.jpg,0.248268,0.744779,0.006953
4th Meat, 400 g, 3 wts_r17_c14.jpg,0.217998,0.746295,0.035708
4th Meat, 400 g, 3 wts_r18_c10.jpg,0.569861,0.425159,0.004980
4th Meat, 400 g, 3 wts_r18_c6.jpg,0.585616,0.351635,0.062749
4th Meat, 400 g, 3 wts_r18_c8.jpg,0.273473,0.716284,0.010243
4th Meat, 400 g, 3 wts_r18_c9.jpg,0.524005,0.443410,0.032584
4th Meat, 400 g, 3 wts_r19_c10.jpg,0.269477,0.714576,0.015947
4th Meat, 400 g, 3 wts_r19_c11.jpg,0.164964,0.730392,0.104644
4th Meat, 400 g, 3 wts_r19_c12.jpg,0.404540,0.565043,0.030417
4th Meat, 400 g, 3 wts_r19_c13.jpg,0.301627,0.679241,0.019132
4th Meat, 400 g, 3 wts_r20_c10.jpg,0.187001,0.803524,0.009475
4th Meat, 400 g, 3 wts_r20_c11.jpg,0.806114,0.178611,0.015274
4th Meat, 400 g, 3 wts_r20_c12.jpg,0.596561,0.389967,0.013472
4th Meat, 400 g, 3 wts_r20_c17.jpg,0.275973,0.713958,0.010069
4th Meat, 400 g, 3 wts_r20_c25.jpg,0.097192,0.882138,0.020670
4th Meat, 400 g, 3 wts_r20_c9.jpg,0.277446,0.701179,0.021375
4th Meat, 400 g, 3 wts_r21_c10.jpg,0.573797,0.397070,0.029132
4th Meat, 400 g, 3 wts_r21_c12.jpg,0.659134,0.320758,0.020108
4th Meat, 400 g, 3 wts_r21_c8.jpg,0.036172,0.945467,0.018361
4th Meat, 400 g, 3 wts_r21_c9.jpg,0.207386,0.785801,0.006812
4th Meat, 400 g, 3 wts_r22_c10.jpg,0.123474,0.823599,0.052926
4th Meat, 400 g, 3 wts_r22_c7.jpg,0.069343,0.910876,0.019781
4th Meat, 400 g, 3 wts_r22_c8.jpg,0.333425,0.633903,0.032672
4th Meat, 400 g, 3 wts_r23_c12.jpg,0.128324,0.855924,0.015752
4th Meat, 400 g, 3 wts_r23_c21.jpg,0.183105,0.763783,0.053112
4th Meat, 400 g, 3 wts_r23_c5.jpg,0.606698,0.377996,0.015306
4th Meat, 400 g, 3 wts_r23_c7.jpg,0.328571,0.643220,0.028209
4th Meat, 400 g, 3 wts_r23_c8.jpg,0.764361,0.229159,0.006480
4th Meat, 400 g, 3 wts_r23_c9.jpg,0.435715,0.511466,0.052818
4th Meat, 400 g, 3 wts_r24_c14.jpg,0.852941,0.136189,0.010871
4th Meat, 400 g, 3 wts_r24_c7.jpg,0.880977,0.116971,0.002052
4th Meat, 400 g, 3 wts_r24_c9.jpg,0.470085,0.507521,0.022394
4th Meat, 400 g, 3 wts_r25_c13.jpg,0.499437,0.478306,0.022258
4th Meat, 400 g, 3 wts_r25_c14.jpg,0.102512,0.879358,0.018131
4th Meat, 400 g, 3 wts_r25_c3.jpg,0.254620,0.734295,0.011084
4th Meat, 400 g, 3 wts_r25_c7.jpg,0.060215,0.925987,0.013797
4th Meat, 400 g, 3 wts_r25_c8.jpg,0.147448,0.844209,0.008343
4th Meat, 400 g, 3 wts_r25_c9.jpg,0.034080,0.953754,0.012165
4th Meat, 400 g, 3 wts_r26_c8.jpg,0.618001,0.373817,0.008181
4th Meat, 400 g, 3 wts_r27_c10.jpg,0.597087,0.372610,0.030303
4th Meat, 400 g, 3 wts_r27_c12.jpg,0.552034,0.437474,0.010492
4th Meat, 400 g, 3 wts_r27_c14.jpg,0.484025,0.500765,0.015210
4th Meat, 400 g, 3 wts_r27_c15.jpg,0.515660,0.473050,0.011290
4th Meat, 400 g, 3 wts_r27_c19.jpg,0.382108,0.606198,0.011694
4th Meat, 400 g, 3 wts_r27_c5.jpg,0.157080,0.836461,0.006459
4th Meat, 400 g, 3 wts_r27_c7.jpg,0.031804,0.956540,0.011656
4th Meat, 400 g, 3 wts_r27_c8.jpg,0.049839,0.926793,0.023367
4th Meat, 400 g, 3 wts_r27_c9.jpg,0.436554,0.522736,0.040710
4th Meat, 400 g, 3 wts_r28_c10.jpg,0.083698,0.895626,0.020676
4th Meat, 400 g, 3 wts_r28_c11.jpg,0.370411,0.577115,0.052475
4th Meat, 400 g, 3 wts_r28_c12.jpg,0.622906,0.347100,0.029994
4th Meat, 400 g, 3 wts_r28_c14.jpg,0.877922,0.109369,0.012709
4th Meat, 400 g, 3 wts_r28_c15.jpg,0.064747,0.910924,0.024329
4th Meat, 400 g, 3 wts_r28_c8.jpg,0.258305,0.716971,0.024724
4th Meat, 400 g, 3 wts_r29_c12.jpg,0.490866,0.429907,0.079227
4th Meat, 400 g, 3 wts_r29_c14.jpg,0.058245,0.908256,0.033499
4th Meat, 400 g, 3 wts_r29_c8.jpg,0.456617,0.531254,0.012129
4th Meat, 400 g, 3 wts_r30_c10.jpg,0.173896,0.789164,0.036939
4th Meat, 400 g, 3 wts_r30_c18.jpg,0.185097,0.789540,0.025363
4th Meat, 400 g, 3 wts_r30_c19.jpg,0.213859,0.769275,0.016867
4th Meat, 400 g, 3 wts_r30_c5.jpg,0.050102,0.941697,0.008201
4th Meat, 400 g, 3 wts_r30_c8.jpg,0.218071,0.772957,0.008973
4th Meat, 400 g, 3 wts_r31_c10.jpg,0.829682,0.164744,0.005574
4th Meat, 400 g, 3 wts_r5_c21.jpg,0.681365,0.296601,0.022033
4th Meat, 400 g, 3 wts_r7_c21.jpg,0.222563,0.764003,0.013434
4th Meat, 400 g, 3 wts_r9_c11.jpg,0.923708,0.073963,0.002329
4th Meat, 400 g, 3 wts_r9_c15.jpg,0.242581,0.708131,0.049289
4th Meat, 400 g, 3 wts_r9_c19.jpg,0.520353,0.464267,0.015380
5 BEEF Shoulder _r0_c27.jpg,0.123105,0.859914,0.016982
5 BEEF Shoulder _r0_c28.jpg,0.673387,0.317764,0.008849
5 BEEF Shoulder _r0_c36.jpg,0.018875,0.963309,0.017816
5 BEEF Shoulder _r10_c15.jpg,0.012128,0.984024,0.003848
5 BEEF Shoulder _r10_c20.jpg,0.008687,0.986606,0.004707
5 BEEF Shoulder _r10_c23.jpg,0.006347,0.981636,0.012017
5 BEEF Shoulder _r10_c24.jpg,0.045217,0.938786,0.015996
5 BEEF Shoulder _r10_c31.jpg,0.024708,0.958068,0.017224
5 BEEF Shoulder _r10_c32.jpg,0.029791,0.935950,0.034259
5 BEEF Shoulder _r10_c40.jpg,0.912948,0.077292,0.009760
5 BEEF Shoulder _r11_c20.jpg,0.134039,0.854554,0.011407
5 BEEF Shoulder _r11_c21.jpg,0.006214,0.983365,0.010420
5 BEEF Shoulder _r11_c22.jpg,0.044838,0.947036,0.008126
5 BEEF Shoulder _r11_c23.jpg,0.013302,0.978738,0.007960
5 BEEF Shoulder _r11_c24.jpg,0.002219,0.993688,0.004093
5 BEEF Shoulder _r11_c29.jpg,0.016006,0.954986,0.029009
5 BEEF Shoulder _r11_c31.jpg,0.014416,0.957275,0.028309
5 BEEF Shoulder _r11_c4.jpg,0.027449,0.964041,0.008511
5 BEEF Shoulder _r11_c7.jpg,0.026967,0.962629,0.010403
5 BEEF Shoulder _r12_c20.jpg,0.003326,0.995681,0.000993
5 BEEF Shoulder _r12_c23.jpg,0.032375,0.961565,0.006060
5 BEEF Shoulder _r12_c25.jpg,0.007955,0.988826,0.003219
5 BEEF Shoulder _r12_c29.jpg,0.113391,0.863257,0.023352
5 BEEF Shoulder _r12_c31.jpg,0.096232,0.889315,0.014453
5 BEEF Shoulder _r12_c6.jpg,0.275632,0.720447,0.003921
5 BEEF Shoulder _r13_c13.jpg,0.034673,0.956915,0.008413
5 BEEF Shoulder _r13_c14.jpg,0.154819,0.828926,0.016255
5 BEEF Shoulder _r13_c15.jpg,0.048073,0.939068,0.012859
5 BEEF Shoulder _r13_c16.jpg,0.091141,0.897609,0.011250
5 BEEF Shoulder _r13_c20.jpg,0.059143,0.926696,0.014161
5 BEEF Shoulder _r13_c22.jpg,0.175825,0.789690,0.034486
5 BEEF Shoulder _r13_c23.jpg,0.019280,0.970187,0.010533
5 BEEF Shoulder _r13_c27.jpg,0.023628,0.955225,0.021147
5 BEEF Shoulder _r13_c28.jpg,0.408598,0.360191,0.231211
5 BEEF Shoulder _r13_c32.jpg,0.135315,0.768371,0.096314
5 BEEF Shoulder _r14_c12.jpg,0.201806,0.776206,0.021988
5 BEEF Shoulder _r14_c13.jpg,0.178089,0.813165,0.008745
5 BEEF Shoulder _r14_c14.jpg,0.253091,0.735583,0.011325
5 BEEF Shoulder _r14_c15.jpg,0.043950,0.947580,0.008470
5 BEEF Shoulder _r14_c16.jpg,0.119386,0.862308,0.018306
5 BEEF Shoulder _r14_c20.jpg,0.108719,0.760723,0.130557
5 BEEF Shoulder _r14_c21.jpg,0.067919,0.909011,0.023070
5 BEEF Shoulder _r14_c22.jpg,0.081052,0.896079,0.022869
5 BEEF Shoulder _r14_c23.jpg,0.364282,0.616121,0.019598
5 BEEF Shoulder _r14_c24.jpg,0.179985,0.766508,0.053508
5 BEEF Shoulder _r14_c25.jpg,0.081148,0.894274,0.024578
5 BEEF Shoulder _r14_c27.jpg,0.215476,0.762225,0.022298
5 BEEF Shoulder _r14_c29.jpg,0.101403,0.864966,0.033632
5 BEEF Shoulder _r14_c31.jpg,0.012091,0.975186,0.012723
5 BEEF Shoulder _r15_c10.jpg,0.180283,0.800027,0.019690
5 BEEF Shoulder _r15_c11.jpg,0.021837,0.976018,0.002146
5 BEEF Shoulder _r15_c13.jpg,0.188885,0.753392,0.057722
5 BEEF Shoulder _r15_c14.jpg,0.321538,0.666028,0.012433
5 BEEF Shoulder _r15_c15.jpg,0.206598,0.729452,0.063950
5 BEEF Shoulder _r15_c16.jpg,0.043536,0.948944,0.007520
5 BEEF Shoulder _r15_c22.jpg,0.142375,0.824615,0.033010
5 BEEF Shoulder _r15_c23.jpg,0.253828,0.681202,0.064970
5 BEEF Shoulder _r15_c24.jpg,0.109433,0.869815,0.020752
5 BEEF Shoulder _r15_c25.jpg,0.120344,0.870790,0.008866
5 BEEF Shoulder _r15_c26.jpg,0.082020,0.877791,0.040190
5 BEEF Shoulder _r15_c27.jpg,0.023648,0.969727,0.006625
5 BEEF Shoulder _r15_c29.jpg,0.024489,0.966558,0.008953
5 BEEF Shoulder _r15_c31.jpg,0.016527,0.975741,0.007731
5 BEEF Shoulder _r15_c33.jpg,0.134160,0.768018,0.097822
5 BEEF Shoulder _r16_c10.jpg,0.184603,0.808312,0.007085
5 BEEF Shoulder _r16_c13.jpg,0.063943,0.925185,0.010873
5 BEEF Shoulder _r16_c15.jpg,0.021931,0.943969,0.034100
5 BEEF Shoulder _r16_c16.jpg,0.047532,0.941076,0.011392
5 BEEF Shoulder _r16_c20.jpg,0.011371,0.985703,0.002926
5 BEEF Shoulder _r16_c22.jpg,0.130868,0.857395,0.011737
5 BEEF Shoulder _r16_c23.jpg,0.191496,0.787486,0.021018
5 BEEF Shoulder _r16_c24.jpg,0.074545,0.904872,0.020583
5 BEEF Shoulder _r16_c9.jpg,0.028541,0.952263,0.019197
5 BEEF Shoulder _r17_c13.jpg,0.028680,0.959149,0.012171
5 BEEF Shoulder _r17_c14.jpg,0.295542,0.653810,0.050649
5 BEEF Shoulder _r17_c15.jpg,0.142874,0.841044,0.016082
5 BEEF Shoulder _r17_c16.jpg,0.463704,0.472552,0.063744
5 BEEF Shoulder _r17_c17.jpg,0.012835,0.980053,0.007112
5 BEEF Shoulder _r17_c18.jpg,0.049724,0.915254,0.035023
5 BEEF Shoulder _r17_c20.jpg,0.028512,0.954898,0.016590
5 BEEF Shoulder _r17_c22.jpg,0.184412,0.805193,0.010396
5 BEEF Shoulder _r17_c23.jpg,0.125208,0.859488,0.015304
5 BEEF Shoulder _r17_c24.jpg,0.135176,0.820973,0.043851
5 BEEF Shoulder _r17_c25.jpg,0.172790,0.781430,0.045780
5 BEEF Shoulder _r17_c26.jpg,0.011542,0.983427,0.005032
5 BEEF Shoulder _r17_c27.jpg,0.006428,0.988664,0.004908
5 BEEF Shoulder _r17_c28.jpg,0.013130,0.983555,0.003314
5 BEEF Shoulder _r17_c29.jpg,0.002955,0.987971,0.009074
5 BEEF Shoulder _r17_c31.jpg,0.014568,0.960382,0.025050
5 BEEF Shoulder _r17_c9.jpg,0.009380,0.965937,0.024684
5 BEEF Shoulder _r18_c13.jpg,0.147191,0.794842,0.057967
5 BEEF Shoulder _r18_c14.jpg,0.165791,0.829937,0.004272
5 BEEF Shoulder _r18_c15.jpg,0.106198,0.880059,0.013743
5 BEEF Shoulder _r18_c16.jpg,0.083465,0.907966,0.008569
5 BEEF Shoulder _r18_c17.jpg,0.074999,0.913627,0.011373
5 BEEF Shoulder _r18_c18.jpg,0.114521,0.879867,0.005612
5 BEEF Shoulder _r18_c22.jpg,0.078288,0.888408,0.033304
5 BEEF Shoulder _r18_c23.jpg,0.248595,0.740197,0.011208
5 BEEF Shoulder _r18_c24.jpg,0.102160,0.880268,0.017572
5 BEEF Shoulder _r18_c8.jpg,0.270841,0.715250,0.013910
5 BEEF Shoulder _r18_c9.jpg,0.014290,0.981999,0.003711
5 BEEF Shoulder _r19_c13.jpg,0.187025,0.799296,0.013679
5 BEEF Shoulder _r19_c14.jpg,0.150816,0.836196,0.012987
5 BEEF Shoulder _r19_c15.jpg,0.216998,0.591016,0.191986
5 BEEF Shoulder _r19_c16.jpg,0.198747,0.792930,0.008323
5 BEEF Shoulder _r19_c17.jpg,0.264894,0.726691,0.008415
5 BEEF Shoulder _r19_c18.jpg,0.294863,0.664700,0.040437
5 BEEF Shoulder _r19_c22.jpg,0.090542,0.873366,0.036092
5 BEEF Shoulder _r19_c23.jpg,0.410732,0.570777,0.018491
5 BEEF Shoulder _r19_c24.jpg,0.038502,0.892704,0.068794
5 BEEF Shoulder _r19_c25.jpg,0.053853,0.933179,0.012968
5 BEEF Shoulder _r19_c27.jpg,0.045654,0.911267,0.043080
5 BEEF Shoulder _r1_c21.jpg,0.137994,0.850150,0.011855
5 BEEF Shoulder _r1_c28.jpg,0.136776,0.835232,0.027992
5 BEEF Shoulder _r1_c29.jpg,0.230263,0.750225,0.019512
5 BEEF Shoulder _r1_c31.jpg,0.062007,0.929243,0.008750
5 BEEF Shoulder _r1_c32.jpg,0.021737,0.973343,0.004920
5 BEEF Shoulder _r1_c33.jpg,0.041633,0.909761,0.048606
5 BEEF Shoulder _r1_c34.jpg,0.088970,0.889952,0.021078
5 BEEF Shoulder _r1_c35.jpg,0.078987,0.764206,0.156807
5 BEEF Shoulder _r1_c36.jpg,0.043474,0.949380,0.007147
5 BEEF Shoulder _r1_c38.jpg,0.044323,0.821205,0.134471
5 BEEF Shoulder _r20_c11.jpg,0.031200,0.957154,0.011646
5 BEEF Shoulder _r20_c13.jpg,0.122899,0.862960,0.014140
5 BEEF Shoulder _r20_c15.jpg,0.055912,0.935763,0.008325
5 BEEF Shoulder _r20_c18.jpg,0.017075,0.954822,0.028104
5 BEEF Shoulder _r20_c22.jpg,0.112762,0.879043,0.008195
5 BEEF Shoulder _r21_c11.jpg,0.025642,0.952326,0.022031
5 BEEF Shoulder _r21_c14.jpg,0.120962,0.850947,0.028091
5 BEEF Shoulder _r21_c18.jpg,0.021605,0.970347,0.008047
5 BEEF Shoulder _r21_c20.jpg,0.037715,0.953692,0.008593
5 BEEF Shoulder _r21_c22.jpg,0.106514,0.849835,0.043650
5 BEEF Shoulder _r21_c9.jpg,0.012617,0.977894,0.009489
5 BEEF Shoulder _r22_c11.jpg,0.240784,0.722290,0.036926
5 BEEF Shoulder _r22_c12.jpg,0.074727,0.910751,0.014522
5 BEEF Shoulder _r22_c15.jpg,0.141029,0.844025,0.014946
5 BEEF Shoulder _r22_c18.jpg,0.005042,0.979396,0.015562
5 BEEF Shoulder _r22_c20.jpg,0.083406,0.895410,0.021184
5 BEEF Shoulder _r22_c23.jpg,0.033594,0.955940,0.010466
5 BEEF Shoulder _r22_c9.jpg,0.233470,0.699762,0.066769
5 BEEF Shoulder _r23_c20.jpg,0.011953,0.981426,0.006621
5 BEEF Shoulder _r23_c25.jpg,0.035431,0.922978,0.041590
5 BEEF Shoulder _r24_c11.jpg,0.146813,0.842399,0.010788
5 BEEF Shoulder _r24_c12.jpg,0.354017,0.609269,0.036714
5 BEEF Shoulder _r24_c18.jpg,0.042580,0.923069,0.034351
5 BEEF Shoulder _r24_c22.jpg,0.070201,0.905972,0.023828
5 BEEF Shoulder _r24_c24.jpg,0.118563,0.865319,0.016118
5 BEEF Shoulder _r24_c7.jpg,0.132693,0.853809,0.013498
5 BEEF Shoulder _r25_c12.jpg,0.045771,0.942474,0.011756
5 BEEF Shoulder _r25_c18.jpg,0.279919,0.698196,0.021885
5 BEEF Shoulder _r26_c10.jpg,0.408563,0.560286,0.031151
5 BEEF Shoulder _r26_c11.jpg,0.175267,0.739806,0.084927
5 BEEF Shoulder _r26_c12.jpg,0.287857,0.594682,0.117461
5 BEEF Shoulder _r26_c16.jpg,0.438609,0.539781,0.021611
5 BEEF Shoulder _r26_c27.jpg,0.246459,0.719772,0.033770
5 BEEF Shoulder _r26_c9.jpg,0.106810,0.877387,0.015803
5 BEEF Shoulder _r27_c11.jpg,0.131132,0.838391,0.030477
5 BEEF Shoulder _r27_c9.jpg,0.094886,0.885086,0.020028
5 BEEF Shoulder _r28_c11.jpg,0.059019,0.903511,0.037470
5 BEEF Shoulder _r28_c2.jpg,0.607353,0.347293,0.045354
5 BEEF Shoulder _r28_c29.jpg,0.203877,0.746393,0.049729
5 BEEF Shoulder _r29_c11.jpg,0.026435,0.967477,0.006088
5 BEEF Shoulder _r29_c13.jpg,0.054969,0.931500,0.013531
5 BEEF Shoulder _r29_c40.jpg,0.411830,0.454959,0.133210
5 BEEF Shoulder _r29_c8.jpg,0.014315,0.977903,0.007782
5 BEEF Shoulder _r29_c9.jpg,0.038409,0.912050,0.049541
5 BEEF Shoulder _r2_c12.jpg,0.099079,0.894633,0.006289
5 BEEF Shoulder _r2_c27.jpg,0.629825,0.364581,0.005594
5 BEEF Shoulder _r2_c28.jpg,0.220181,0.759456,0.020363
5 BEEF Shoulder _r2_c29.jpg,0.225125,0.771515,0.003360
5 BEEF Shoulder _r2_c30.jpg,0.146084,0.835971,0.017945
5 BEEF Shoulder _r2_c31.jpg,0.250837,0.720152,0.029011
5 BEEF Shoulder _r2_c32.jpg,0.266311,0.706257,0.027433
5 BEEF Shoulder _r2_c35.jpg,0.130067,0.841022,0.028911
5 BEEF Shoulder _r2_c36.jpg,0.021979,0.960502,0.017519
5 BEEF Shoulder _r30_c11.jpg,0.357383,0.607104,0.035512
5 BEEF Shoulder _r30_c8.jpg,0.177612,0.805799,0.016589
5 BEEF Shoulder _r30_c9.jpg,0.083683,0.876498,0.039819
5 BEEF Shoulder _r31_c7.jpg,0.167822,0.806821,0.025357
5 BEEF Shoulder _r32_c8.jpg,0.123711,0.850037,0.026252
5 BEEF Shoulder _r32_c9.jpg,0.040039,0.938994,0.020967
5 BEEF Shoulder _r33_c11.jpg,0.033446,0.938405,0.028150
5 BEEF Shoulder _r33_c16.jpg,0.443175,0.540431,0.016394
5 BEEF Shoulder _r34_c16.jpg,0.322672,0.643639,0.033690
5 BEEF Shoulder _r35_c15.jpg,0.191975,0.751493,0.056532
5 BEEF Shoulder _r35_c22.jpg,0.127944,0.855686,0.016370
5 BEEF Shoulder _r36_c11.jpg,0.197903,0.749620,0.052477
5 BEEF Shoulder _r36_c15.jpg,0.118804,0.849250,0.031946
5 BEEF Shoulder _r36_c19.jpg,0.207083,0.780402,0.012515
5 BEEF Shoulder _r3_c11.jpg,0.652252,0.278060,0.069689
5 BEEF Shoulder _r3_c25.jpg,0.126161,0.860701,0.013138
5 BEEF Shoulder _r3_c26.jpg,0.226318,0.743876,0.029807
5 BEEF Shoulder _r3_c27.jpg,0.058554,0.934535,0.006911
5 BEEF Shoulder _r3_c30.jpg,0.130355,0.859376,0.010269
5 BEEF Shoulder _r3_c31.jpg,0.148303,0.843157,0.008540
5 BEEF Shoulder _r3_c33.jpg,0.059477,0.931896,0.008627
5 BEEF Shoulder _r3_c34.jpg,0.047811,0.945959,0.006230
5 BEEF Shoulder _r41_c24.jpg,0.204166,0.778493,0.017341
5 BEEF Shoulder _r42_c0.jpg,0.890080,0.095137,0.014783
5 BEEF Shoulder _r42_c18.jpg,0.016636,0.975241,0.008124
5 BEEF Shoulder _r43_c0.jpg,0.788991,0.180446,0.030563
5 BEEF Shoulder _r44_c0.jpg,0.657522,0.250604,0.091875
5 BEEF Shoulder _r44_c40.jpg,0.821069,0.155708,0.023223
5 BEEF Shoulder _r45_c0.jpg,0.770530,0.206366,0.023105
5 BEEF Shoulder _r45_c40.jpg,0.693028,0.272850,0.034122
5 BEEF Shoulder _r46_c0.jpg,0.833759,0.151420,0.014821
5 BEEF Shoulder _r47_c4.jpg,0.092752,0.751214,0.156033
5 BEEF Shoulder _r48_c0.jpg,0.827527,0.138395,0.034078
5 BEEF Shoulder _r49_c0.jpg,0.347006,0.383412,0.269582
5 BEEF Shoulder _r4_c11.jpg,0.593290,0.402289,0.004421
5 BEEF Shoulder _r4_c25.jpg,0.008122,0.972586,0.019292
5 BEEF Shoulder _r4_c26.jpg,0.005892,0.990110,0.003997
5 BEEF Shoulder _r4_c27.jpg,0.210813,0.768927,0.020260
5 BEEF Shoulder _r4_c29.jpg,0.022573,0.971471,0.005957
5 BEEF Shoulder _r4_c30.jpg,0.105766,0.882751,0.011482
5 BEEF Shoulder _r4_c31.jpg,0.265114,0.733014,0.001872
5 BEEF Shoulder _r4_c32.jpg,0.351109,0.637336,0.011555
5 BEEF Shoulder _r4_c34.jpg,0.249736,0.742033,0.008230
5 BEEF Shoulder _r4_c9.jpg,0.127843,0.846851,0.025305
5 BEEF Shoulder _r54_c0.jpg,0.493214,0.421167,0.085619
5 BEEF Shoulder _r54_c10.jpg,0.953570,0.043018,0.003413
5 BEEF Shoulder _r56_c0.jpg,0.242929,0.613448,0.143623
5 BEEF Shoulder _r56_c10.jpg,0.542561,0.402602,0.054837
5 BEEF Shoulder _r57_c0.jpg,0.237364,0.714870,0.047766
5 BEEF Shoulder _r57_c40.jpg,0.924812,0.050415,0.024773
5 BEEF Shoulder _r57_c41.jpg,0.997352,0.002086,0.000562
5 BEEF Shoulder _r58_c40.jpg,0.977776,0.016429,0.005795
5 BEEF Shoulder _r59_c0.jpg,0.406219,0.506218,0.087563
5 BEEF Shoulder _r5_c22.jpg,0.009194,0.984259,0.006547
5 BEEF Shoulder _r5_c23.jpg,0.442671,0.542094,0.015235
5 BEEF Shoulder _r5_c26.jpg,0.505123,0.478552,0.016325
5 BEEF Shoulder _r5_c27.jpg,0.035352,0.949968,0.014680
5 BEEF Shoulder _r5_c28.jpg,0.047633,0.947901,0.004466
5 BEEF Shoulder _r5_c29.jpg,0.052309,0.938175,0.009516
5 BEEF Shoulder _r5_c30.jpg,0.406463,0.589523,0.004014
5 BEEF Shoulder _r5_c31.jpg,0.124137,0.869168,0.006695
5 BEEF Shoulder _r5_c32.jpg,0.035264,0.953467,0.011269
5 BEEF Shoulder _r60_c0.jpg,0.938448,0.049786,0.011766
5 BEEF Shoulder _r60_c18.jpg,0.794894,0.173317,0.031789
5 BEEF Shoulder _r60_c20.jpg,0.426072,0.490324,0.083604
5 BEEF Shoulder _r60_c39.jpg,0.990913,0.007757,0.001331
5 BEEF Shoulder _r61_c0.jpg,0.944472,0.050269,0.005259
5 BEEF Shoulder _r61_c1.jpg,0.849736,0.100297,0.049967
5 BEEF Shoulder _r61_c17.jpg,0.948529,0.036243,0.015227
5 BEEF Shoulder _r61_c18.jpg,0.667436,0.268597,0.063967
5 BEEF Shoulder _r61_c19.jpg,0.781482,0.212117,0.006402
5 BEEF Shoulder _r61_c20.jpg,0.515429,0.407224,0.077348
5 BEEF Shoulder _r61_c22.jpg,0.797480,0.179467,0.023053
5 BEEF Shoulder _r61_c39.jpg,0.990303,0.008864,0.000833
5 BEEF Shoulder _r6_c17.jpg,0.151625,0.837801,0.010574
5 BEEF Shoulder _r6_c18.jpg,0.170998,0.813073,0.015929
5 BEEF Shoulder _r6_c20.jpg,0.007578,0.979535,0.012887
5 BEEF Shoulder _r6_c21.jpg,0.009893,0.968822,0.021286
5 BEEF Shoulder _r6_c22.jpg,0.036818,0.904029,0.059154
5 BEEF Shoulder _r6_c24.jpg,0.123349,0.869213,0.007438
5 BEEF Shoulder _r6_c27.jpg,0.118605,0.865837,0.015558
5 BEEF Shoulder _r6_c28.jpg,0.029597,0.918464,0.051939
5 BEEF Shoulder _r6_c29.jpg,0.008244,0.986672,0.005085
5 BEEF Shoulder _r6_c30.jpg,0.025147,0.953772,0.021081
5 BEEF Shoulder _r6_c31.jpg,0.029045,0.960936,0.010019
5 BEEF Shoulder _r6_c32.jpg,0.012810,0.972968,0.014222
5 BEEF Shoulder _r7_c16.jpg,0.051214,0.946508,0.002278
5 BEEF Shoulder _r7_c19.jpg,0.111257,0.878601,0.010142
5 BEEF Shoulder _r7_c20.jpg,0.051867,0.914575,0.033558
5 BEEF Shoulder _r7_c22.jpg,0.067863,0.918694,0.013443
5 BEEF Shoulder _r7_c24.jpg,0.343803,0.448108,0.208090
5 BEEF Shoulder _r7_c27.jpg,0.015673,0.978041,0.006286
5 BEEF Shoulder _r7_c31.jpg,0.079645,0.915739,0.004616
5 BEEF Shoulder _r7_c33.jpg,0.014945,0.972050,0.013004
5 BEEF Shoulder _r8_c15.jpg,0.273360,0.710552,0.016088
5 BEEF Shoulder _r8_c18.jpg,0.157109,0.834599,0.008292
5 BEEF Shoulder _r8_c24.jpg,0.259336,0.707174,0.033490
5 BEEF Shoulder _r8_c25.jpg,0.007217,0.991264,0.001519
5 BEEF Shoulder _r8_c26.jpg,0.172318,0.790235,0.037446
5 BEEF Shoulder _r8_c27.jpg,0.032736,0.961014,0.006250
5 BEEF Shoulder _r8_c28.jpg,0.054379,0.917123,0.028498
5 BEEF Shoulder _r8_c30.jpg,0.254920,0.707123,0.037958
5 BEEF Shoulder _r8_c31.jpg,0.048646,0.939840,0.011514
5 BEEF Shoulder _r8_c32.jpg,0.014789,0.979810,0.005401
5 BEEF Shoulder _r8_c33.jpg,0.092457,0.897667,0.009876
5 BEEF Shoulder _r9_c15.jpg,0.013595,0.977887,0.008518
5 BEEF Shoulder _r9_c25.jpg,0.062374,0.918935,0.018691
5 BEEF Shoulder _r9_c27.jpg,0.028570,0.951354,0.020076
5 BEEF Shoulder _r9_c29.jpg,0.459903,0.518429,0.021668
5 BEEF Shoulder _r9_c30.jpg,0.287721,0.699112,0.013167
5 BEEF Shoulder _r9_c31.jpg,0.027456,0.961015,0.011529
5 BEEF Shoulder _r9_c8.jpg,0.412820,0.578832,0.008348
5th meat, 400g, placeholder and black plate_r0_c10.jpg,0.002947,0.962384,0.034669
5th meat, 400g, placeholder and black plate_r0_c11.jpg,0.048894,0.945054,0.006052
5th meat, 400g, placeholder and black plate_r0_c12.jpg,0.021557,0.975257,0.003186
5th meat, 400g, placeholder and black plate_r0_c13.jpg,0.019304,0.966227,0.014469
5th meat, 400g, placeholder and black plate_r0_c14.jpg,0.006769,0.985681,0.007549
5th meat, 400g, placeholder and black plate_r0_c15.jpg,0.007104,0.979644,0.013251
5th meat, 400g, placeholder and black plate_r0_c16.jpg,0.015289,0.951116,0.033595
5th meat, 400g, placeholder and black plate_r0_c17.jpg,0.152401,0.810150,0.037449
5th meat, 400g, placeholder and black plate_r0_c18.jpg,0.015181,0.971866,0.012953
5th meat, 400g, placeholder and black plate_r0_c19.jpg,0.008914,0.893251,0.097835
5th meat, 400g, placeholder and black plate_r0_c20.jpg,0.012491,0.896171,0.091338
5th meat, 400g, placeholder and black plate_r0_c5.jpg,0.050011,0.938621,0.011368
5th meat, 400g, placeholder and black plate_r0_c9.jpg,0.007088,0.989266,0.003646
5th meat, 400g, placeholder and black plate_r10_c1.jpg,0.269134,0.722255,0.008611
5th meat, 400g, placeholder and black plate_r10_c10.jpg,0.079715,0.861573,0.058711
5th meat, 400g, placeholder and black plate_r10_c5.jpg,0.060573,0.931404,0.008024
5th meat, 400g, placeholder and black plate_r10_c6.jpg,0.175206,0.818782,0.006012
5th meat, 400g, placeholder and black plate_r10_c7.jpg,0.299954,0.686447,0.013599
5th meat, 400g, placeholder and black plate_r10_c8.jpg,0.288560,0.646962,0.064478
5th meat, 400g, placeholder and black plate_r10_c9.jpg,0.086347,0.863853,0.049800
5th meat, 400g, placeholder and black plate_r11_c5.jpg,0.027636,0.944004,0.028360
5th meat, 400g, placeholder and black plate_r12_c10.jpg,0.019498,0.977094,0.003408
5th meat, 400g, placeholder and black plate_r12_c5.jpg,0.007196,0.984837,0.007968
5th meat, 400g, placeholder and black plate_r13_c7.jpg,0.030749,0.950484,0.018768
5th meat, 400g, placeholder and black plate_r14_c10.jpg,0.039456,0.958327,0.002217
5th meat, 400g, placeholder and black plate_r14_c8.jpg,0.018522,0.961973,0.019505
5th meat, 400g, placeholder and black plate_r14_c9.jpg,0.032989,0.959668,0.007344
5th meat, 400g, placeholder and black plate_r16_c1.jpg,0.071602,0.913233,0.015164
5th meat, 400g, placeholder and black plate_r17_c3.jpg,0.013202,0.983885,0.002913
5th meat, 400g, placeholder and black plate_r18_c10.jpg,0.020726,0.972288,0.006986
5th meat, 400g, placeholder and black plate_r18_c3.jpg,0.018991,0.969545,0.011464
5th meat, 400g, placeholder and black plate_r19_c10.jpg,0.030241,0.950333,0.019426
5th meat, 400g, placeholder and black plate_r19_c12.jpg,0.025683,0.951054,0.023262
5th meat, 400g, placeholder and black plate_r1_c1.jpg,0.010723,0.985211,0.004066
5th meat, 400g, placeholder and black plate_r1_c10.jpg,0.082705,0.913942,0.003353
5th meat, 400g, placeholder and black plate_r1_c12.jpg,0.006380,0.990228,0.003391
5th meat, 400g, placeholder and black plate_r1_c14.jpg,0.031473,0.949759,0.018769
5th meat, 400g, placeholder and black plate_r1_c15.jpg,0.038201,0.934358,0.027441
5th meat, 400g, placeholder and black plate_r1_c16.jpg,0.312069,0.663211,0.024720
5th meat, 400g, placeholder and black plate_r1_c17.jpg,0.032259,0.956250,0.011491
5th meat, 400g, placeholder and black plate_r1_c18.jpg,0.020759,0.948516,0.030725
5th meat, 400g, placeholder and black plate_r1_c19.jpg,0.031700,0.943538,0.024762
5th meat, 400g, placeholder and black plate_r1_c20.jpg,0.021121,0.963722,0.015157
5th meat, 400g, placeholder and black plate_r1_c8.jpg,0.116166,0.868436,0.015398
5th meat, 400g, placeholder and black plate_r1_c9.jpg,0.032196,0.962664,0.005140
5th meat, 400g, placeholder and black plate_r21_c10.jpg,0.005790,0.975676,0.018535
5th meat, 400g, placeholder and black plate_r21_c7.jpg,0.071439,0.921362,0.007198
5th meat, 400g, placeholder and black plate_r22_c12.jpg,0.011002,0.981307,0.007691
5th meat, 400g, placeholder and black plate_r23_c12.jpg,0.011048,0.957443,0.031509
5th meat, 400g, placeholder and black plate_r23_c14.jpg,0.003696,0.995468,0.000836
5th meat, 400g, placeholder and black plate_r27_c1.jpg,0.049301,0.943305,0.007394
5th meat, 400g, placeholder and black plate_r27_c3.jpg,0.367140,0.608698,0.024163
5th meat, 400g, placeholder and black plate_r28_c2.jpg,0.747798,0.242722,0.009479
5th meat, 400g, placeholder and black plate_r28_c3.jpg,0.227833,0.760327,0.011840
5th meat, 400g, placeholder and black plate_r28_c7.jpg,0.046638,0.882263,0.071099
5th meat, 400g, placeholder and black plate_r28_c8.jpg,0.041366,0.852491,0.106143
5th meat, 400g, placeholder and black plate_r29_c3.jpg,0.055304,0.880437,0.064259
5th meat, 400g, placeholder and black plate_r30_c3.jpg,0.017516,0.979574,0.002911
5th meat, 400g, placeholder and black plate_r30_c9.jpg,0.058862,0.918601,0.022537
5th meat, 400g, placeholder and black plate_r3_c1.jpg,0.079516,0.908687,0.011797
5th meat, 400g, placeholder and black plate_r4_c14.jpg,0.109929,0.871292,0.018779
5th meat, 400g, placeholder and black plate_r4_c5.jpg,0.170500,0.821351,0.008149
5th meat, 400g, placeholder and black plate_r5_c0.jpg,0.182099,0.811170,0.006731
5th meat, 400g, placeholder and black plate_r5_c1.jpg,0.010705,0.984717,0.004578
5th meat, 400g, placeholder and black plate_r6_c19.jpg,0.011242,0.977043,0.011715
5th meat, 400g, placeholder and black plate_r6_c20.jpg,0.012589,0.971274,0.016137
5th meat, 400g, placeholder and black plate_r7_c1.jpg,0.112085,0.877888,0.010027
5th meat, 400g, placeholder and black plate_r7_c15.jpg,0.019775,0.975056,0.005169
5th meat, 400g, placeholder and black plate_r7_c2.jpg,0.018304,0.980210,0.001486
5th meat, 400g, placeholder and black plate_r7_c3.jpg,0.101303,0.877589,0.021108
5th meat, 400g, placeholder and black plate_r7_c5.jpg,0.156499,0.820009,0.023492
5th meat, 400g, placeholder and black plate_r7_c6.jpg,0.044451,0.942767,0.012782
5th meat, 400g, placeholder and black plate_r8_c1.jpg,0.070766,0.888496,0.040738
5th meat, 400g, placeholder and black plate_r8_c17.jpg,0.094013,0.760357,0.145631
5th meat, 400g, placeholder and black plate_r8_c2.jpg,0.253064,0.720843,0.026093
5th meat, 400g, placeholder and black plate_r8_c4.jpg,0.204159,0.782791,0.013050
5th meat, 400g, placeholder and black plate_r8_c5.jpg,0.233155,0.746865,0.019980
5th meat, 400g, placeholder and black plate_r8_c7.jpg,0.046427,0.951876,0.001697
5th meat, 400g, placeholder and black plate_r9_c1.jpg,0.082191,0.910343,0.007466
5th meat, 400g, placeholder and black plate_r9_c3.jpg,0.076137,0.904043,0.019820
5th meat, 400g, placeholder and black plate_r9_c4.jpg,0.020195,0.974649,0.005156
5th meat, 400g, placeholder and black plate_r9_c5.jpg,0.015200,0.980558,0.004242
5th meat, 400g, placeholder and black plate_r9_c6.jpg,0.152502,0.840052,0.007446
5th meat, 400g, placeholder and black plate_r9_c7.jpg,0.028089,0.940942,0.030969
5th meat, 400g, placeholder and black plate_r9_c8.jpg,0.013705,0.975871,0.010424
6 BEEF Shoulder -1_r14_c27.jpg,0.158837,0.836646,0.004517
6 BEEF Shoulder -1_r15_c10.jpg,0.091448,0.879183,0.029369
6 BEEF Shoulder -1_r15_c27.jpg,0.050158,0.926558,0.023285
6 BEEF Shoulder -1_r17_c8.jpg,0.145212,0.847732,0.007056
6 BEEF Shoulder -1_r18_c21.jpg,0.280017,0.640780,0.079203
6 BEEF Shoulder -1_r18_c23.jpg,0.078372,0.853621,0.068007
6 BEEF Shoulder -1_r18_c41.jpg,0.945799,0.049346,0.004855
6 BEEF Shoulder -1_r18_c6.jpg,0.127755,0.849868,0.022376
6 BEEF Shoulder -1_r19_c10.jpg,0.011266,0.982910,0.005824
6 BEEF Shoulder -1_r19_c23.jpg,0.052510,0.936869,0.010621
6 BEEF Shoulder -1_r19_c24.jpg,0.050073,0.873234,0.076693
6 BEEF Shoulder -1_r19_c25.jpg,0.144776,0.781741,0.073483
6 BEEF Shoulder -1_r19_c28.jpg,0.326213,0.649969,0.023818
6 BEEF Shoulder -1_r19_c41.jpg,0.961365,0.034442,0.004192
6 BEEF Shoulder -1_r20_c10.jpg,0.174890,0.806736,0.018374
6 BEEF Shoulder -1_r20_c23.jpg,0.180963,0.809031,0.010006
6 BEEF Shoulder -1_r20_c31.jpg,0.015768,0.971226,0.013006
6 BEEF Shoulder -1_r20_c9.jpg,0.015361,0.975874,0.008765
6 BEEF Shoulder -1_r21_c0.jpg,0.985128,0.009802,0.005070
6 BEEF Shoulder -1_r21_c23.jpg,0.640753,0.323287,0.035961
6 BEEF Shoulder -1_r21_c41.jpg,0.978278,0.018459,0.003263
6 BEEF Shoulder -1_r21_c9.jpg,0.085950,0.836914,0.077136
6 BEEF Shoulder -1_r22_c0.jpg,0.965589,0.022661,0.011750
6 BEEF Shoulder -1_r22_c23.jpg,0.521554,0.452099,0.026347
6 BEEF Shoulder -1_r22_c30.jpg,0.077139,0.870620,0.052241
6 BEEF Shoulder -1_r22_c31.jpg,0.075071,0.897076,0.027854
6 BEEF Shoulder -1_r22_c32.jpg,0.155544,0.820538,0.023918
6 BEEF Shoulder -1_r23_c0.jpg,0.981087,0.015148,0.003765
6 BEEF Shoulder -1_r23_c10.jpg,0.201901,0.691497,0.106603
